8
    1.0605   -0.0800   -0.0199 C
    2.5726   -0.0800   -0.0199 C
    0.6762    0.9435    0.0202 H
    0.6762   -0.6266    0.8465 H
    0.6762   -0.5571   -0.9264 H
    2.9569    0.3970    0.8866 H
    2.9569    0.4665   -0.8863 H
    2.9569   -1.1036   -0.0600 H
    0   1   1
    0   2   1
    0   3   1
    0   4   1
    1   5   1
    1   6   1
    1   7   1
*
    0   1   5
    0   1   6
    0   1   7
    1   0   2
    1   0   3
    1   0   4
    5   1   6
    5   1   7
    6   1   7
    2   0   3
    2   0   4
    4   0   3
*
    0   1   5
    0   1   6
    0   1   7
    1   0   2
    1   0   3
    1   0   4
    5   1   6
    5   1   7
    6   1   7
    2   0   3
    2   0   4
    4   0   3
*
    2   0   1   5
    2   0   1   6
    2   0   1   7
    3   0   1   5
    3   0   1   6
    3   0   1   7
    4   0   1   5
    4   0   1   6
    4   0   1   7