8
-2.9040632 0.6757989 -0.0001591 C
-1.3958940 0.7841722 0.0000813 C
-3.3417899 1.4060389 -0.6873017 H
-3.3030264 0.8628476 1.0012704 H
-3.2175229 -0.3241369 -0.3146295 H
-1.0824342 1.7841089 0.3145486 H
-0.9969306 0.5971204 -1.0013475 H
-0.9581677 0.0539342 0.6872263 H
    0   1   1
    0   2   1
    0   3   1
    0   4   1
    1   5   1
    1   6   1
    1   7   1
*
    0   1   5
    0   1   6
    0   1   7
    1   0   2
    1   0   3
    1   0   4
    5   1   6
    5   1   7
    2   0   3
    2   0   4
*
    2   0   1   5
    2   0   1   6
    2   0   1   7
    3   0   1   5
    3   0   1   6
    3   0   1   7
    4   0   1   5
    4   0   1   6
    4   0   1   7