8
   -0.7560    0.0000    0.0000 C
    0.7560    0.0000    0.0000 C
   -1.1404    0.6586    0.7845 H
   -1.1404    0.3501   -0.9626 H
   -1.1405   -1.0087    0.1781 H
    1.1404   -0.3501    0.9626 H
    1.1405    1.0087   -0.1781 H
    1.1404   -0.6586   -0.7845 H
    0   1   1
    0   2   1
    0   3   1
    0   4   1
    1   5   1
    1   6   1
    1   7   1
*
    0   1   5
    0   1   6
    0   1   7
    1   0   2
    1   0   3
    1   0   4
    5   1   6
    5   1   7
    2   0   3
    2   0   4
*
    2   0   1   5
    2   0   1   6
    2   0   1   7
    3   0   1   5
    3   0   1   6
    3   0   1   7
    4   0   1   5
    4   0   1   6
    4   0   1   7